# 5X5 BOARDS:
row_args = [[2], [1, 2], [4], [1,1], [1,1]] # Dog
col_args = [[2], [3], [1], [5], [2]]

row_args = [[1], [2, 2], [3], [3], [1]] # Chicken
col_args = [[1], [4], [3], [3], [1]]    

row_args = [[5], [3], [1], [1,1], [5]] # Sand clock
col_args = [[1,1], [2,2], [3,1], [2,2], [1,1]]

row_args = [[3], [1,1,1], [1,3], [1,1], [3]] # Clock
col_args = [[3], [1,1], [3,1], [1,1,1], [3]]

# 6x6 BOARDS:
row_args = [[2, 1], [1, 3], [1, 2], [3], [4], [1]] # Squirrel
col_args = [[1], [5], [2], [5], [2, 1], [2]]

# 7x8 BOARDS
row_args = [[1,1], [3], [3], [4], [6], [5], [1,1,3], [6]] # Cat
col_args = [[3,1], [4,1], [8], [3,1], [5], [4], [4]] 

# 10x8 BOARDS
row_args = [[2], [6], [6], [2], [2,4], [2,1], [6,1], [10]] # Lamp
col_args = [[1], [2,2], [2,2], [8], [8], [2,2], [2,1,2], [1,1], [1,1], [4]] 

# 10x10 BOARDS
row_args = [[6],[2,2],[2,2],[2],[3],[4],[2],[],[2],[2]] # Question mark
col_args = [[],[2],[3],[1],[1,2,2],[1,2,2],[1,2],[6],[4],[0]]

row_args = [[3], [1, 3, 1], [2, 1, 1, 2], [1, 1, 1, 3], [2, 1, 1, 1], [1, 1, 1, 1], [2, 1, 1], [6], [8], [3, 2]] # Corn
col_args = [[2, 3], [8], [1, 4], [1, 1, 2], [1, 1, 3], [1, 1, 1, 2], [3, 1, 1, 1], [2, 1, 1, 2], [1, 3, 1], [3]]

row_args = [[1, 1], [1, 1], [10], [1, 2, 2], [3, 1], [1, 1, 1], [3, 1], [4, 2], [10], [1, 1]] # TV
col_args = [[7], [1, 1, 4], [1, 7], [3, 2], [1, 1], [1, 1], [2, 1], [1, 1, 1], [2, 3], [7]]

row_args = [[1], [1], [3], [5], [6, 1], [4, 1], [5, 1], [7], [1, 4], [6]] # Dog
col_args = [[2], [2], [3], [8, 1], [8], [4, 1], [5], [4], [1, 3], [4]]

# 15x15 BOARDS
row_args = [[7], [11], [9, 3], [11, 3], [11, 3], [11, 3], [13], [1, 1], [2, 2], [1, 1], [2, 2], [1, 1], [1, 1], [2, 2], [7]] # Mushroom
col_args = [[3], [5], [6], [6, 4], [7, 3, 2], [9, 1], [7, 1], [7, 1], [7, 1], [9, 1], [2, 4, 3, 2], [2, 1, 4], [6], [5], [3]]

row_args = [[2], [2, 4], [2, 4], [2, 2], [2, 3], [2, 2], [2, 4, 2], [2, 6, 2], [3, 10], [14], [14], [12], [11], [3, 2], [2, 3]] # Dinosaur
col_args = [[7, 2], [12], [2, 6], [2, 4], [1, 5], [6], [7], [7], [7], [7], [8], [4, 7], [12, 1], [3, 7], [2]]

# 20x13 BOARDS:
row_args = [[3], [5], [7], [7], [7], [5], [7], [9], [11], [13], [3, 9], [2, 8], [2, 1, 8], [2, 1, 8], [3, 8], [13], [11], [9], [7], [5]]
col_args = [[7], [9], [4, 4], [3, 4, 2, 4], [10, 5], [20], [20], [20], [19], [3, 13], [11], [9], [7]]

# 22x13 BOARDS:
row_args = [[1], [1], [1], [1], [1], [1, 3], [5], [1, 1], [1, 1], [5], [1, 3], [3, 1], [3, 1], [3, 1], [3, 1], [3, 1], [3, 1], [2, 5], [1, 5, 3], [2, 3, 4], [4, 3, 1], [11]]
col_args = [[2], [4], [1, 2], [14, 2], [5, 1, 1, 6, 2, 1], [2, 8, 2, 1], [2, 2, 3, 1], [14, 2], [1, 2], [5], [3, 1], [2, 1], [2]]

# 25x10
row_args = [[2], [4], [6], [6], [8], [8], [10], [1, 1, 2, 1, 1], [1, 1, 1, 1], [10], [1, 4, 1], [1, 2, 1], [4], [2], [2], [2], [2], [2], [2], [2], [2], [2], [2], [6], [6]]
col_args = [[4], [3, 2], [6, 1, 1, 2], [6, 3, 1, 2], [8, 16], [8, 16], [6, 3, 1, 2], [6, 1, 1, 2], [3, 2], [4]]